8921
8553
8132
7091
7736
6965
8225
6789
7579
8879
7118
9078
7612
6433
8477
7977
6890
8016
7164
7828
8528
8149
6846
9546
8470
8011
7163
7426
8135
7047
7731
7096
10168
6510
8222
6499
9366
8526
8281
7454
6675
7792
9071
8196
7322
6899
6446
8374
7902
6787
7201
6833
7905
6756
8953
8521
7453
7795
9076
6565
8982
7979
6481
7566
7107
7210
6450
7729
10170
9874
6574
7830
8297
7784
8151
6859
8241
8994
6901
6573
7837
7445
6664
7783
6486
8413
8072
9144
6457
7439
6732
8000
7265
6857
8539
9718
8158
7678
10179
7087
7720
7894
6501
7845
8545
6616
7568
6749
6798
10835
9015
8234
8593
6506
6974
7430
7842
7966
6354
7175
7603
6385
6422
6908
8248
8299
6819
8359
8116
8905
6533
6941
7257
9104
8032
7953
7521
6361
8821
6658
6689
8485
9103
7147
7526
7954
6548
8098
8049
8206
7374
6946
6534
7715
7011
9084
6597
9897
8970
8502
8274
6934
6546
7306
8615
7767
6462
6810
7222
7585
7643
8047
8381
8208
9029
8357
7582
8091
7132
6772
8118
7288
8164
7477
9890
6541
6933
9052
6687
7760
7609
6902
8184
9063
7027
7834
6743
8410
7910
6826
8366
8599
8129
7848
8548
8417
6453
6738
6388
8245
9877
7756
9064
8152
6660
7787
8294
7833
7919
8419
7345
7890
6505
8590
8933
7841
7176
6736
8465
8817
6853
8313
7600
9879
8003
7171
7962
6350
6381
7448
8368
6970
8230
9011
7055
8546
9100
8321
7525
6365
8791
7144
9089
6939
7559
10300
8901
7873
6620
6537
6945
7377
8205
8906
6993
6627
9023
6530
8202
7981
6414
8326
8481
7285
7522
7950
8796
8508
6466
6814
7226
8354
9514
7922
8043
7131
7696
8798
9346
8974
8506
7474
8167
6655
7015
6930
6542
7959
8038
8501
8973
9894
9087
6652
7305
8277
8095
7221
6813
6461
9513
8886
8382
8425
7557
8044
7691
7136
6776
9047
7314
6926
7810
7462
9885
6643
7948
8029
6528
10181
7934
8393
7127
7680
8055
7597
7230
7933
8433
6760
8052
8083
8345
6805
8261
7313
7465
8517
8965
6644
9091
9795
7700
7865
8917
7239
6373
8833
6712
8020
9116
8490
7245
9049
6928
9098
7293
6374
6715
8330
8497
6402
7242
7707
6526
7366
7410
6985
8910
7548
6678
7038
7459
8305
6341
8473
8801
7044
7857
8925
8221
8586
6513
7353
10820
7043
6603
8131
7422
8922
8226
7354
6966
9007
7735
10827
7908
7798
7328
7270
7167
6346
7974
6968
8228
8370
6830
6442
6755
7115
7574
6334
8406
7796
8143
6566
6914
7481
9075
8192
6399
7036
6676
8282
8986
8253
6913
9072
8138
7859
8588
7205
6783
7664
7573
7989
7958
8039
7472
7800
9895
7765
8276
7304
6544
6936
7641
8352
6460
7924
8045
7719
6538
8093
7227
7580
7923
8423
6770
7130
8042
8909
9108
8799
7807
7475
6592
9892
8975
8507
6654
8166
9081
6685
8271
6931
6543
7648
7229
6469
6992
7875
8907
6943
6531
7193
8480
6415
6363
7951
8823
7142
8030
9349
7809
8168
9101
7194
8320
8487
7252
7987
6364
8037
9088
9059
8278
7589
6779
6995
8900
7061
9025
8002
7963
6351
8463
8315
6427
8774
7606
10566
8998
6668
7028
7449
8369
8231
6971
7896
9010
7722
7847
8547
8935
8418
8236
7344
6976
6504
9017
7082
7725
6613
8121
8932
8540
7177
6737
8464
8816
8312
6852
6387
7601
7788
6745
8077
7916
8416
6820
7212
7673
9019
10172
8659
6739
7179
8818
6358
6904
7336
9065
8182
7786
7021
7832
7440
8996
9062
7750
7026
6666
8535
8947
8070
6484
8411
6793
8598
7849
8145
7037
7487
6560
8252
8987
9073
7278
6438
8139
7858
8589
6444
7665
8400
6969
9008
11723
6443
8371
7662
6754
7575
6492
6335
8142
6670
8951
8284
7451
8980
8255
7746
9074
8193
6398
6728
7168
8551
8923
6967
8227
10826
8409
6569
7748
7271
6431
8014
6347
7975
7458
8958
7489
8304
8013
7161
6340
7045
8587
7094
10821
9538
6929
9099
7947
7292
6375
6714
9110
6403
7996
8496
9034
6527
7070
9033
6287
6520
8916
7864
7688
7659
7818
6372
6713
7182
7244
6404
8491
8918
6639
7079
8432
7932
8053
7121
7686
8082
7236
8344
6552
7312
8260
8516
7816
8177
9090
6645
8963
6584
7949
8498
10180
8392
7547
7681
8085
9162
7596
6803
