6279
6332
6348
6359
6368
6421
6426
6430
6437
6447
6454
6459
6463
6464
6465
6477
6535
6540
6564
6585
6589
6595
6615
6618
6623
6628
6649
6656
6667
6692
6693
6703
6704
6707
6727
6731
6734
6747
6773
6804
6824
6829
6836
6842
6854
6855
6860
6918
6919
6924
6960
6994
6997
7010
7024
7046
7071
7072
7078
7081
7083
7098
7102
7103
7124
7146
7170
7178
7183
7185
7192
7219
7225
7238
7240
7243
7266
7273
7298
7325
7331
7362
7372
7434
7463
7473
7523
7546
7594
7650
7671
7697
7709
7712
7713
7717
7721
7749
7751
7752
7754
7764
7775
7801
7806
7808
7815
7825
7831
7862
7872
7879
7882
7901
7914
7917
7918
7944
7972
7973
7980
7982
7998
7999
8009
8061
8094
8101
8102
8119
8137
8157
8172
8176
8210
8217
8229
8232
8247
8269
8306
8319
8334
8336
8355
8361
8385
8394
8398
8407
8412
8415
8422
8424
8426
8429
8437
8479
8482
8522
8529
8550
8594
8658
8794
8802
8805
8809
8895
8911
8928
8929
8962
9003
9022
9027
9036
9040
9061
9066
9070
9083
9086
9095
9343
9351
9722
9724
9725
9925
10165
10166
10175
10176
10687
10817
10819
10828
10837
