7739
7661
6832
8404
8065
7820
7452
8952
8520
7033
6673
8141
8190
9077
8256
7324
6564
7827
8280
8527
8955
8146
9070
8197
8251
8984
6563
6911
6849
8929
7429
6608
8375
6447
7571
6496
8403
6750
7110
8529
7829
8148
7614
6435
7971
8803
7162
8010
7427
7855
8555
8927
7046
8134
7097
8223
7884
7209
6498
7852
8552
6601
8133
7737
7090
8224
6964
6516
7356
7883
6788
10825
6338
9079
6918
6395
7272
6344
6891
8804
7165
6523
7363
9797
9030
7702
8106
7867
8915
8398
10810
6648
7008
8969
7469
6710
8785
8443
8335
8492
6407
7247
7181
7318
10687
6589
7157
6376
7944
7240
7186
8216
7364
6956
7705
7073
6633
8101
7412
8560
8059
8438
9278
10817
8264
6556
6924
7316
8605
7777
8173
9094
7460
9887
8512
8960
6719
7188
9039
7682
7125
8057
8436
8895
10819
6800
8086
7653
8108
10184
7869
7122
7685
6762
7931
8431
8347
7235
6807
8081
7654
7311
7770
7006
6646
9093
8174
6580
7815
7467
8967
8515
9880
7298
6409
6464
7645
8090
6773
8387
8420
7920
7552
8119
7878
7258
7289
9725
8165
7017
6657
8504
6591
6540
8272
6686
7761
9053
7199
6708
6369
9085
9722
7010
9896
9343
8971
6935
8275
7766
6681
6463
8351
9511
8046
7693
8427
8380
6998
9028
7251
6411
8484
8034
7146
6706
6367
9898
6549
7768
10806
8099
7929
8429
8110
6622
6996
7871
7375
6947
6535
8207
7714
9026
6818
8389
8117
6625
7065
8904
6940
7372
8200
7713
6416
7256
8483
9105
8033
8794
6701
8820
7952
7520
7287
6360
8978
6748
7108
6799
10834
7081
7726
7892
8235
8931
7843
8122
6610
7050
7967
6734
7174
7602
8770
6851
6384
7263
8311
8249
6909
8298
6352
8001
8777
7264
6424
8538
8159
6458
7721
7086
7340
7895
6972
8232
7844
7436
6617
10841
8318
9558
6858
7753
9061
6900
7332
8995
8240
8536
8157
7025
7782
8412
7560
7677
6790
6456
6824
10176
7088
7438
8938
7059
8415
7567
8074
6746
6797
7211
6451
10171
7728
6509
8469
8008
7754
9066
7335
9875
8247
8531
8943
7831
8150
7022
6662
8109
7868
8051
7123
6763
8430
7542
6806
7655
8080
7310
6922
8603
9043
8175
7007
6647
8966
7814
7466
7299
6408
7317
8265
7776
8604
8172
9095
6640
7000
9353
6586
6379
7189
9459
10182
8056
6764
7124
8437
8390
7545
7594
10818
8087
7319
6559
7778
6588
8783
8024
7156
6716
8445
7290
7945
7187
6525
6957
8217
7704
9036
7072
6986
7861
7939
8089
7362
8210
7703
9796
8107
6635
7075
8914
7414
6981
8348
10811
6808
6649
7009
8968
6711
7151
8442
6370
8493
8334
9115
6600
7882
7357
8288
8638
6919
7273
8805
6393
8306
8802
9003
7485
7428
8928
7049
10166
7098
8063
8405
8286
7325
8479
7914
6747
8075
7671
8009
8319
10840
7752
7024
7100
6279
6618
9925
8317
7219
6459
8594
7109
7727
7893
7051
6735
9069
8388
7064
7405
7712
8482
7982
7018
8322
6707
6623
6997
9027
6368
6651
9723
7802
8350
8096
7692
8426
6999
7225
6465
8386
7879
6656
9083
9724
8977
9345
7330
8242
7751
6667
7103
7214
6454
6792
7675
7917
8361
7672
8658
7178
6359
10836
7724
7083
7965
7261
6386
6421
7789
6731
6854
6426
7266
8775
8597
6615
7434
7195
6413
7282
6704
8859
6994
7711
7192
8822
6703
7808
8422
8385
7806
9080
8488
7473
7801
7764
7925
7718
6692
7775
6585
8962
8510
7003
7999
7709
7546
8342
6802
7078
8394
6477
9040
8600
8176
6953
6982
7183
7184
7862
7071
7488
6437
7160
7973
9000
6839
8379
8550
8408
7749
6842
6430
6397
6727
8015
7202
8522
6348
7791
7825
8957
9365
7321
10165
8060
7901
6595
8500
9086
8161
6682
8094
7587
6812
7556
8424
7646
8355
7697
6628
7014
9050
9022
9106
7980
7523
6860
7524
6938
7872
7717
7170
6855
7267
6829
6614
7918
10837
7053
8005
9287
6978
8244
9876
8153
8940
8243
7331
8185
7102
6742
6455
7674
10175
8956
8524
6836
8061
6332
8229
10828
8407
7907
8809
8130
8068
7909
6843
8807
8475
7039
8472
8800
7972
8137
8924
8556
6960
6512
6838
8269
7185
7243
7706
6955
8911
8102
7128
8212
7077
7238
6478
8786
8336
7418
6804
6693
7774
6555
8267
9351
9884
7463
7998
7650
