12789
14665
15782
15025
15444
14204
11928
15332
13579
16227
15753
13386
12261
11374
14858
10946
11715
11063
13091
13736
16068
12176
14889
11402
12965
12517
13882
13357
11147
15059
12052
15438
14278
11954
11281
12841
12394
13273
13505
13977
12890
12345
11250
10862
12083
12724
11196
11308
15216
16303
15677
14790
14741
15101
12919
15560
11140
12055
11286
11953
13274
12393
12846
12434
12342
12897
13970
13502
15349
10865
11982
12723
12084
11636
15728
15211
14451
14823
16304
14030
14797
15670
15106
14746
14327
11479
15567
12029
13669
15785
14662
13208
12448
14203
15443
15492
15335
14907
12499
20429
15754
13381
13426
10941
11373
13047
12607
11064
12171
13731
13096
11877
11405
10990
13885
12510
12962
15050
12848
15396
15843
15431
15347
15892
15726
14166
11638
13454
11301
10933
12675
13035
13792
14799
11016
14748
12103
15569
14329
11805
11477
12562
12910
13322
11132
11695
12027
12780
11921
12834
13206
12497
12330
20427
11225
14909
12751
11644
14384
14851
15263
13428
14042
12609
16061
13098
14734
14355
11879
14880
11692
11135
12787
12020
13660
11926
11554
15838
13201
12441
12833
20420
12337
12490
13577
16229
11643
15264
10948
14856
14424
14383
14045
13738
15173
14094
14733
13359
12519
14887
14352
10999
15057
11149
15436
15844
15391
13979
11198
14161
15721
12213
13453
10934
13032
12672
14039
11767
11011
12104
13744
11470
13325
12565
13684
13123
12763
11676
15768
20415
12302
13930
11217
11913
11561
13593
12474
11100
12015
11439
14367
15280
16053
15146
14706
11058
14070
15630
16082
15714
10859
15375
14947
13299
13248
14243
10888
15403
14185
11445
11837
13310
12922
12550
11783
12696
13771
12647
12226
12581
13814
13466
10901
11333
11494
15713
14153
12718
14295
14940
14532
15372
13539
15876
11968
14244
14182
15065
11830
11442
12557
12925
11023
16028
13776
12136
12691
12640
16498
13461
13813
12586
11493
14818
11334
10906
12764
13124
11671
13937
13545
12305
11210
15478
11566
12801
12473
13594
13233
11107
13652
12959
15287
11399
14360
16054
14701
15141
15637
15190
11729
14077
16085
14864
13156
12716
11603
13290
13537
10850
11262
11966
15878
10881
13994
12873
11175
12060
13187
13319
14312
15552
12138
16026
13778
14005
15645
10908
15224
12588
16496
16331
14121
15761
10798
15300
13939
11568
14236
15804
15476
15017
11109
11397
11430
15289
12282
12957
11051
12144
13704
13072
12632
14079
11080
13413
10974
11893
15766
11678
11219
12808
15471
15803
14231
15010
11845
14369
11390
12522
12285
13362
14708
11056
15148
12192
12635
13075
11720
13414
12254
11894
11341
10973
12711
13151
11604
13530
13297
12370
14949
11265
10857
10886
14998
12874
13993
13246
11172
13627
12067
11839
14315
16021
12698
14774
15134
15642
14002
12649
13009
13468
12228
15188
11731
12624
12183
13064
11350
10962
13877
12245
12294
12533
12941
13373
15538
11381
11854
14378
13712
12152
14719
11047
15159
15812
15460
14220
12819
15001
15777
14924
14556
11208
13018
15653
14013
12239
15595
15544
11828
14304
14765
15125
12689
13257
10897
11502
11970
13636
11163
11615
12700
13140
14958
11274
10846
13286
13521
12361
15654
12599
16320
10919
15592
14807
14303
13308
15685
15122
14762
16037
13769
13985
13250
11977
15869
12071
13631
11164
11612
13147
12707
10841
12366
13526
11091
11736
14068
13063
12184
12623
10965
15249
11357
12997
12242
13870
13402
13374
12946
12534
12293
11853
12155
13715
11040
11579
14227
15467
15006
11118
14697
10789
15770
13928
14551
14923
12651
13011
14809
11325
13802
13470
12230
12597
12934
12546
11821
16039
13767
12680
12127
11795
11032
15415
15867
14255
14634
12709
15702
13528
12368
14523
14951
14284
15363
16094
11738
14066
12999
14875
15531
15296
14371
14710
15150
16045
12462
13222
13585
15469
14229
13643
15008
10787
14699
11660
12775
13692
11201
10833
13554
12314
16093
11098
15186
14400
14872
11428
15291
15536
14717
11049
16042
13582
13225
12817
12465
11902
12004
13644
11111
11667
10780
13132
13695
12772
11206
12313
13921
13553
12656
10910
11485
12590
13805
13301
12541
12933
11454
12120
11035
14252
15860
15412
10899
13259
14194
13638
14145
15705
13288
10848
14283
14956
15162
14722
14085
13729
16077
14343
14896
15503
10988
13348
12508
13399
10959
14392
14847
14054
11594
11233
12481
20431
12326
13914
13107
12747
12031
13671
11124
12822
12450
11545
11937
15829
12115
13755
13493
13334
12574
12906
11813
15209
14449
12202
14028
11776
15668
13023
12663
13968
15351
14963
11189
15730
15046
11158
11539
15380
15855
15427
13752
12112
14759
12901
12573
13494
15578
14338
11466
11814
10922
13445
12205
14788
11771
13783
13024
12888
11248
14516
14964
15090
15737
14177
11629
15041
15420
15852
15387
14260
11299
14082
14725
15165
13089
14891
12279
14840
15272
12618
13058
15613
14053
11234
14918
11593
10806
13561
13913
12321
12486
12740
13100
13676
12791
11684
11123
12457
12825
13217
11930
11542
15117
11009
14757
16002
14336
11468
15576
16315
15200
14832
14021
15661
15358
10874
11246
12886
12353
13961
14179
15739
13172
12044
11942
11297
15389
12160
13087
13720
11075
13894
13341
12973
11866
10981
11362
12277
13437
13390
13056
12616
20438
12488
15483
14916
15745
15033
12038
13678
14212
15452
13219
12459
13080
12167
12506
13346
13893
10986
11861
11365
13397
13430
12270
12611
13051
13568
12328
15484
12749
13109
15742
14102
12798
15827
15455
14215
15110
15571
14331
12908
16312
14835
15207
15666
14026
11778
14781
11241
11994
10873
13966
12354
12881
15099
11620
11187
12735
12092
12043
11156
15048
12385
12850
15429
11537
11945
15767
11679
14934
11218
15470
15802
14230
12809
15011
12284
12951
12523
11436
11844
14368
12142
14709
11057
15149
11721
12193
13074
11895
10972
13867
13415
12255
12980
11605
12710
14948
11264
13296
13531
12875
13247
10887
11960
11512
14999
13181
12066
11173
11838
14775
12699
12648
15643
14003
12229
14810
15222
11602
13157
12717
10851
11263
13536
13291
13995
13240
12872
12400
11515
11967
10880
12061
13186
11174
15553
13318
15132
14772
12139
13779
14004
15644
12589
16330
10909
15225
14817
14120
10799
15760
13938
15301
14933
15805
15477
15016
11108
12524
12956
12283
11843
11431
15288
12145
13705
11081
15638
13073
12194
12633
10975
15259
11892
11347
13412
12719
13159
15712
14152
13538
14941
14294
15373
15877
11969
14183
15064
12556
11831
11443
16029
13777
12690
11022
12641
13001
14819
11335
10907
13460
12220
12587
11670
12765
12304
20413
12472
13232
15479
11567
14239
13653
12013
14658
11106
15018
15286
14361
11398
12958
14700
15140
16055
15191
15636
11728
14865
11349
11677
15769
13122
13685
12762
11216
20414
12303
13592
13235
12475
12807
11912
11560
12014
11438
14366
15281
15147
14707
11059
16083
11088
15631
15196
14862
14155
15715
13298
10858
15374
14293
14946
15402
15870
10889
13249
14184
12068
13628
12923
12551
11444
12130
12697
11025
11782
12646
10900
11495
12227
13467
12021
12786
13661
11134
11693
12832
11927
11555
15839
11584
11223
12491
12336
13576
13904
16228
11642
13117
13389
15265
10949
14382
14857
14044
14732
14095
12179
13739
14353
14886
10998
14277
15390
15437
15845
13978
15341
15894
14160
15219
10935
12212
14038
11766
15678
13033
13794
13745
11010
13324
12916
12564
11471
11803
15051
15842
15430
15397
14270
11289
12849
11258
15893
15727
11300
10932
13455
12215
14798
12674
13793
13034
13742
12102
11017
12563
14328
12026
11694
12447
14908
13110
15175
11141
12435
11952
15348
13971
11637
13162
14796
16012
14663
13209
15493
13884
15024
14901
15333
13119
13420
13090
11146
12840
11280
10863
12344
12725
15217
14791
15561
14321
13726
10987
13892
10956
14910
14214
14330
13967
12042
15428
12851
16003
14756
11469
13512
11247
12856
15482
12039
12458
11006
11815
12900
11311
13025
12889
15736
12858
16071
14052
13101
12037
11931
11543
13216
15163
14897
10989
10958
14055
11544
13022
15096
11159
16092
14377
15537
15290
13694
12312
12657
12591
11484
11827
11455
11034
13761
14282
11820
12935
12547
16038
16501
15362
16095
14406
15530
11389
12463
13642
12002
13693
10786
13927
10832
14806
16321
12128
11976
11165
13146
12367
13280
12243
13403
15299
13375
12947
12535
12154
14226
15007
15771
13404
14379
14718
14221
12659
15594
15545
16031
14764
15124
13498
15115
16000
14023
12730
14968
10876
11940
12046
13343
13896
11416
14729
10952
11659
12829
12976
12504
13725
15618
12613
15457
15036
11128
14333
14752
15664
10929
12737
11243
12387
11154
14894
12978
14087
16075
11708
11596
14219
11681
13757
15732
12358
15886
11949
13496
12903
11464
11773
10920
14175
14262
15422
13269
14346
15506
15167
14727
15611
13911
11480
11327
11168
13989
14521
15700
11114
12316
13924
13556
11889
15997
14715
16040
14374
11900
11572
13551
12770
11487
12235
13303
15548
11824
15707
14147
11619
13875
13407
12531
15810
14692
13809
15597
15127
14767
14198
13980
12867
11972
10895
14528
12363
11617
14805
15541
13633
11507
11975
13524
13400
13061
11042
12536
11851
11909
13535
14299
10852
12714
11516
12403
12871
15131
12929
14007
14542
12309
14123
15015
14593
16058
12955
12251
10976
12630
13070
14545
20419
15764
13238
15801
12141
12256
12190
12713
15718
13625
16023
15640
13686
15144
15282
11849
12258
15873
15138
15559
11447
13312
11331
15711
11179
11518
15698
11021
12642
13547
13126
11673
11564
12471
13369
14075
12088
12677
16308
11475
11807
13320
11014
11551
11697
11130
14118
20425
12332
15600
11409
14736
14669
12022
12785
12754
12492
11220
14381
14096
13509
12670
11800
13746
12106
11558
15446
15027
15780
15330
16225
10944
11872
10995
13355
12515
13734
13093
12347
11252
10938
12569
11980
13039
13458
12218
16011
12838
15756
15337
16222
12605
14359
12173
14017
16034
14300
13632
12072
10893
13986
13282
14289
11611
11354
14878
16048
11850
11385
12945
13377
14224
14920
13559
12246
10961
13370
15002
14555
15596
14803
16033
15681
12362
10845
11277
13408
12248
12629
12299
15292
13647
11901
11573
14929
13696
10783
12593
11486
12655
11740
12684
11457
14280
14146
12233
11822
15077
11169
15864
14952
14372
15532
11906
12776
11663
12902
13751
11772
12206
12098
15851
15384
12049
14892
15507
14843
11656
14108
20435
12322
11120
12792
13675
14340
16074
11368
12325
15458
12453
12905
11003
13787
11314
15733
12359
16296
15856
11862
12505
12273
13394
11599
13919
14216
13339
14332
15113
13789
11819
14335
12208
12731
13962
14969
12970
15168
13055
11700
10953
15823
15451
15030
11285
11635
13973
16307
14820
15564
11808
14324
14745
11698
11649
13382
13886
13095
14739
11067
15781
15026
14666
15496
15608
12603
15269
12966
13092
14099
12397
11957
15849
12080
11253
13798
14793
10939
14323
12442
11640
11586
14855
14380
14884
14730
16065
15435
14275
13169
15722
13508
11988
13796
11305
11801
16019
13747
11012
15891
13791
11302
13457
11474
12783
13664
11647
14119
13901
15260
14356
14296
14531
11178
14181
11787
10905
13680
15809
14363
12528
14867
10792
12805
12477
13237
15145
11848
13078
11268
14944
14157
15872
12132
15139
11834
12644
14544
12018
15472
11055
11846
13417
13533
12712
12064
13245
12877
11962
11029
15220
14812
15641
11261
10853
13534
11600
13184
12063
11176
13997
12308
14543
15807
12147
12281
11083
12196
13071
