15109
12911
15568
12781
12835
13207
11552
11920
11224
11583
10816
13903
13571
12331
20426
12496
12750
14422
14850
14385
15262
14735
13099
16060
14354
11878
13275
12847
12392
11520
11287
15399
10864
11983
11256
12896
12343
13503
11190
15729
12085
16305
14450
15671
11019
11478
15566
15784
15023
12028
14202
15830
15442
12449
12498
16221
14906
10940
12267
13380
13046
12606
13097
13730
13351
12511
11404
10991
14664
12788
15445
15837
14205
11929
16226
12338
15494
12759
15752
14859
10947
13387
12601
16069
11062
12964
12516
13883
10996
14888
12053
15058
12395
12432
13272
15439
11984
13504
12891
11630
11197
12082
13165
16302
11309
14825
14740
12918
11073
13081
16078
12166
14899
11860
12975
13347
13431
13396
12271
14848
12610
11705
15485
12329
15743
14103
12748
12799
15035
15826
15454
11938
16004
14751
15111
12909
15570
14834
15206
14780
11779
13515
12880
12355
11995
11240
10872
12734
15098
11621
11157
15049
14268
11536
11944
11291
12384
13263
15116
11008
15577
15201
14833
14020
14787
15660
12352
15359
10875
14519
11992
13173
12094
14178
11626
11181
11296
12383
12161
13721
13086
11867
10980
13340
13895
12972
12500
13391
13436
10951
11363
13057
12617
10809
14917
12489
16230
14104
15744
13679
13218
15453
13753
12113
15579
14339
11467
12572
13495
13332
13444
12204
12665
13782
11770
14789
11249
14517
14965
15357
15882
15091
14176
15040
15421
15853
14261
13088
14724
15164
15505
14345
11869
14890
14841
14433
15273
13438
13059
13560
13912
12487
11592
11235
11685
13677
12790
12456
12824
13728
14084
14723
13349
12509
15502
15274
14434
13398
15615
20430
12480
13567
11232
11595
13106
11682
12797
12030
15828
12823
12451
11001
12114
13754
11460
13335
12907
12203
15208
10924
11316
14448
13785
14029
11777
15350
14962
13969
11188
14171
15731
15047
14266
11538
15854
15381
11099
14060
13878
11429
16043
15156
13224
13583
12816
12464
11110
12005
13133
12773
11666
13920
13552
10835
13804
10911
11323
13300
12540
11793
12686
12121
14253
15861
12079
14195
15365
14957
12650
13803
13471
12231
11483
14808
10916
13307
11033
11794
13766
12681
15866
14254
14192
15075
14950
12369
15627
11739
14874
12949
15297
14711
15151
15468
11904
11576
13584
13223
15009
12774
13134
14698
13555
12315
11200
14015
15655
10918
13309
14302
16036
13768
15123
15868
10891
13984
13630
12706
11613
13527
10840
13062
12622
14069
11090
15629
12996
13871
10964
11356
11387
12292
11041
13714
15466
15814
11119
10788
14550
13929
12625
13065
11097
11730
12244
11351
15539
11855
11427
11380
12532
12940
12295
13372
15158
13713
12153
12818
15813
14586
15000
15776
11668
14925
15652
14012
13019
14801
11829
12688
15683
10896
11503
13983
13256
11162
13637
12701
13141
13287
12360
14959
10847
14334
14755
12668
13028
15663
14784
13449
12209
14830
11625
11182
12097
13170
11244
11991
13963
13511
12351
12884
12855
13267
11295
11153
12503
12971
15508
10983
11864
14348
13722
11077
15169
12614
13054
13435
12275
14107
14914
15822
14210
11688
15796
13891
13344
11863
10984
12165
11706
13053
11367
14100
15740
13918
14913
11598
11549
14217
15825
12578
15112
16007
13759
13788
14783
16310
15205
14837
11185
11622
13177
12090
10871
12883
12356
13516
13260
16299
12852
11947
11292
15859
12041
14341
14720
15160
15616
14056
14845
11369
15277
12745
13105
15488
13916
20433
12483
12452
12820
13212
15459
11935
11547
13673
12794
12033
11126
15038
12904
12576
13336
13491
11463
11811
16009
12117
11002
12661
13786
14839
11315
10927
13440
12200
12739
13179
14172
13518
11998
14961
15353
15425
15382
14265
16297
11816
12110
13750
13026
13781
12207
15735
15092
10878
15354
14966
15385
15850
15043
12048
11418
14893
13898
11079
14080
16072
14051
14430
14842
11657
15749
13102
10804
11591
20434
13215
12455
11540
12793
10915
12595
12232
13472
14018
15658
12653
12125
12682
13765
11030
13304
12936
14191
14257
11509
16502
13958
15361
14286
14953
10969
14405
15183
13719
16047
15533
13378
12001
13641
13587
12812
11575
11907
15819
11662
10785
13137
13690
12777
13409
12249
14870
12628
16091
13068
15623
14063
11858
13646
12006
12467
12815
13227
14928
13923
12311
10782
11665
13697
13130
10912
15599
13807
12654
13014
12685
12122
11037
15129
12543
14308
11456
14631
14250
12869
11278
14526
14954
14281
15366
15999
10960
11352
12247
11094
11733
12181
12626
12150
13710
13371
12943
12296
11856
11383
15003
12008
13648
14222
14585
15462
13229
14554
13699
16325
11489
14011
15651
11039
16032
15546
12074
13634
11161
13255
11500
15368
11276
13523
13284
14149
15709
13142
16322
11329
15590
15656
14016
14760
11799
15120
16035
14301
12938
12073
11166
12860
13252
13987
14259
14288
11271
10843
13283
12364
12705
13145
10967
12240
12995
11734
11093
12621
12186
13717
12157
12291
12944
13376
11423
15004
13589
13558
12318
14921
14553
12779
13139
15772
14695
11260
13154
11601
13185
12062
10883
11964
13996
13243
16024
11788
14771
15696
15550
11338
14814
14930
13549
15763
12768
15474
14234
11053
12146
11432
11840
11395
12527
13367
12984
11891
11344
14868
12197
16089
14937
14124
12019
13659
15012
12478
14594
14233
15473
11054
13701
11847
11435
13360
12287
12520
12983
13416
10971
13077
12637
11722
11085
12372
13295
13532
15379
10855
11267
14539
13153
14158
11606
11170
14189
13182
11963
10884
13244
13991
12876
12404
15136
14776
11449
15557
11498
14000
13932
13540
12300
20417
11215
12761
11674
13657
11563
11911
12804
13236
14704
12289
14365
14861
11898
14072
13079
14290
15377
14156
11608
14187
12878
14241
14994
11026
14778
11781
11835
12552
12920
12583
11496
15588
10903
15370
14530
14942
14151
14180
13998
14246
15874
11786
13774
11440
11832
13315
12927
12555
12223
13811
13463
15228
10904
13002
14009
15649
12307
13935
11212
13681
12766
11105
12010
13650
13231
13596
12803
16056
15143
14703
12529
14362
15285
10978
14866
16087
12199
13278
15433
12059
15052
15345
13790
13037
12216
10931
11303
12912
12101
13741
11923
13204
12444
12836
12782
12025
13665
13113
12753
11646
15758
15339
11227
14040
15261
14386
13889
14357
16063
14091
11068
15448
12831
12443
13203
11137
15029
13662
11641
12335
20422
11587
11719
14426
14854
11378
15266
12969
14350
14885
14731
15171
12398
15393
15846
11958
14274
15055
15084
12728
13168
15342
12349
13030
13797
13451
12211
14828
10936
11472
12567
13327
14206
15834
10779
14667
11139
15751
15497
11589
14902
13042
12602
11717
12263
13384
15268
13880
12967
11061
12174
11956
13271
12396
12431
12050
13166
12726
11633
11194
12892
13507
14792
13799
14826
15562
12108
13748
14743
11951
11523
11284
12844
12391
13276
12057
12086
12721
13161
11193
11634
13500
13972
12895
12340
11255
10867
15672
14795
14032
12679
14821
14453
15213
16306
11809
15104
15441
14201
11699
14660
15787
15020
11648
14116
14905
11229
15490
11710
13424
13383
12264
11371
10943
10992
11407
13352
14738
11066
15178
13094
13733
11328
14804
15591
15657
15686
12939
11167
14258
11506
11974
13253
13957
11270
12704
13144
13873
12994
12241
12187
12620
13060
11092
11735
11043
13716
11422
12537
12290
13588
15816
11908
12319
15773
14694
12778
13138
12993
13874
13406
15998
11353
13067
12627
12180
11732
11095
12151
13711
11382
11425
11857
12297
12942
12530
12009
13649
14584
14223
15463
15811
10839
14927
14693
15774
13698
13808
16324
15650
15126
14766
15547
14199
13635
11973
11501
13254
13981
13285
13522
13950
14529
13143
12703
14148
15708
14871
11888
15996
15622
13069
16090
14714
15154
15535
14375
12466
13550
13922
12310
11205
10837
12771
13131
11664
13806
13474
15598
10913
13015
11036
11791
15128
13763
12123
15549
11825
12930
12542
13302
14630
14197
12868
14251
11279
14527
14955
15706
12594
13801
10914
11326
13012
14019
15659
11031
12683
12124
13764
11450
13305
12937
14190
13988
16503
14256
11508
15416
14520
14287
13959
15701
14065
15625
12189
12158
13718
16046
15153
14713
13379
12539
15295
11115
12000
11574
15818
13221
13586
12813
12317
13557
11202
10784
11817
11465
13330
12570
11004
12111
13780
13446
10921
14174
15093
15734
10879
14967
13268
14263
15423
15042
13899
14347
15166
14081
14726
11078
14050
14431
12743
15748
13562
10805
15329
11237
11590
11541
11933
13214
12826
12454
12035
12979
14895
14721
14086
15161
15617
14057
14391
14844
15276
12744
11651
13565
13917
20432
11597
15489
10802
11934
11546
14218
11127
15039
13672
12032
12795
11810
12577
13490
13337
16008
13756
12116
12660
13020
11775
13441
12201
14838
10926
15094
12738
13178
15352
15887
15424
11948
14264
15045
11410
13345
13890
12977
11071
14088
12164
13724
13052
12612
11707
13433
15278
11366
14101
15741
15487
14912
15456
15824
15037
11129
15572
12118
16006
13758
14753
14782
15665
10928
15204
14836
16311
13176
12736
11623
12357
12882
13517
13965
10870
11997
11293
15858
16298
12386
12853
11155
12040
13499
15575
16001
14754
15114
15662
14785
14022
12669
14831
15203
13448
12096
11183
11624
13510
12885
12350
10877
11941
11294
12854
12381
11152
11865
11417
14349
12502
13897
14728
11076
13084
13723
12163
12615
13434
13393
12274
11658
11239
15480
12828
14211
12390
12845
13277
11950
11522
11192
12720
13160
11254
11981
13501
12341
12894
12678
13038
15673
14794
13459
12219
14452
15212
13488
15105
15440
15832
14200
12839
15021
15786
14117
16223
14904
11228
15491
15336
11711
12604
13044
11370
12265
12513
10993
11406
11874
14358
13732
15179
11559
15835
15447
10778
11138
15750
16224
15331
14903
11588
11716
13043
10945
14429
11377
12262
13422
13385
13881
13354
11873
12175
13735
11060
13270
12051
11632
10861
11986
12893
12346
13974
14034
15674
16300
15215
14827
15563
12568
15102
14742
12109
13749
13202
11557
11925
14209
13663
14668
11136
15028
12755
13115
11221
13574
12334
20423
15606
11718
14427
11379
15267
14351
15170
15847
15392
12399
12729
15085
14162
12348
15343
12671
10937
12210
12566
12914
13326
11473
14272
15432
15840
13279
15053
12058
12089
14165
15082
10868
15344
13036
12676
10930
12217
16309
12913
12561
12100
13740
12837
11922
11131
15759
13112
12752
11581
11226
12494
20424
12333
13573
14883
13888
15177
14090
16062
15371
14943
14150
15710
15066
14247
11519
15875
12135
12692
11020
13314
12926
12554
11833
11490
12585
12222
13810
13462
14008
15648
12643
11213
13546
13934
11672
10795
13127
12767
12011
13651
11104
13230
12470
12802
11917
11565
14702
12149
13709
16057
13368
10979
16086
14074
15193
11214
14938
13933
12301
20416
11675
12760
13687
13120
13656
11562
11910
15283
14364
12288
13419
11899
14860
16081
14073
14291
15376
15717
14186
15400
14995
14240
13772
11780
11027
14779
12921
13313
15558
11446
11330
11497
10902
15589
12225
14936
13689
15765
15013
13658
14232
14595
15800
13239
13700
12521
12953
12286
11434
11393
11897
11342
12982
12257
12191
15378
10854
12373
13294
14159
11607
15719
13152
13183
14188
11171
13990
12405
11510
10885
15137
11448
15587
11499
14001
14298
13293
12715
12402
12870
13242
10882
14249
11517
14770
11789
15697
16025
15551
12928
16332
11339
14815
15227
15646
14006
13548
14931
15303
12769
13129
14122
15014
14235
11919
13707
16059
11052
12526
11394
11433
11841
14869
10977
13410
12985
11724
12631
