10780
10783
10786
10792
10799
10833
10841
10845
10851
10853
10874
10881
10886
10893
10895
10899
10920
10929
10944
10948
10961
10972
10987
10990
11003
11012
11014
11029
11040
11042
11047
11055
11080
11106
11114
11120
11130
11134
11141
11146
11147
11149
11154
11159
11165
11169
11172
11173
11174
11176
11217
11220
11252
11253
11261
11264
11280
11285
11302
11305
11311
11327
11331
11333
11334
11368
11374
11385
11409
11416
11455
11457
11464
11479
11480
11487
11518
11539
11544
11572
11573
11586
11600
11643
11647
11649
11656
11663
11671
11676
11677
11681
11693
11694
11697
11731
11783
11787
11800
11807
11808
11815
11819
11827
11834
11851
11861
11872
11877
11906
11909
11926
11931
11940
11942
11945
11952
11954
11957
11960
11962
11972
11976
11988
12002
12014
12022
12037
12042
12046
12049
12055
12063
12072
12083
12092
12098
12106
12112
12132
12213
12220
12233
12235
12243
12246
12251
12256
12258
12273
12281
12303
12308
12309
12312
12314
12325
12326
12345
12358
12362
12387
12397
12403
12435
12447
12465
12490
12499
12505
12510
12515
12528
12535
12569
12588
12613
12630
12642
12655
12656
12657
12659
12672
12677
12680
12699
12719
12724
12725
12754
12770
12775
12783
12798
12805
12829
12838
12856
12858
12867
12871
12886
12905
12951
12957
12966
12976
12980
13022
13051
13063
13074
13091
13093
13110
13117
13169
13201
13209
13216
13232
13238
13245
13280
13282
13320
13324
13339
13355
13369
13377
13382
13394
13403
13404
13420
13428
13467
13470
13498
13509
13531
13539
13547
13551
13559
13647
13680
13686
13693
13696
13704
13725
13726
13731
13734
13744
13746
13757
13794
13814
13870
13877
13886
13892
13911
13924
13927
13930
13962
13967
13973
13977
13985
13986
13997
14005
14007
14017
14021
14023
14038
14055
14087
14096
14118
14145
14161
14175
14219
14220
14226
14231
14243
14262
14277
14284
14296
14303
14321
14323
14328
14331
14333
14335
14359
14372
14377
14379
14382
14406
14521
14523
14531
14542
14551
14593
14665
14666
14669
14699
14727
14729
14732
14745
14752
14764
14774
14793
14796
14797
14805
14806
14820
14857
14865
14867
14894
14901
14908
14910
14920
14929
14944
14951
14964
15006
15015
15024
15026
15027
15036
15059
15096
15113
15124
15127
15131
15138
15139
15144
15167
15168
15175
15188
15216
15217
15219
15220
15280
15281
15290
15292
15330
15333
15335
15337
15341
15349
15372
15384
15397
15420
15422
15428
15435
15444
15446
15451
15455
15457
15458
15478
15482
15496
15507
15530
15537
15538
15559
15564
15594
15596
15611
15640
15641
15711
15714
15718
15722
15732
15733
15756
15766
15771
15780
15809
15810
15849
15851
15856
15886
15891
15892
15894
15997
16000
16003
16011
16023
16033
16034
16037
16040
16048
16058
16065
16075
16094
16222
16225
16307
16308
16321
16498
20419
20425
20431
20435
