10778
10779
10782
10784
10785
10787
10788
10789
10795
10798
10802
10804
10805
10806
10809
10816
10835
10837
10839
10840
10843
10846
10847
10848
10850
10854
10855
10857
10859
10861
10864
10865
10867
10868
10870
10871
10872
10873
10875
10877
10878
10879
10882
10883
10884
10885
10887
10888
10889
10891
10896
10897
10900
10902
10903
10904
10906
10907
10908
10909
10910
10911
10912
10913
10914
10915
10916
10918
10919
10921
10924
10926
10927
10928
10930
10931
10932
10933
10934
10935
10936
10937
10940
10941
10943
10945
10947
10949
10951
10960
10962
10964
10967
10969
10971
10973
10974
10977
10978
10979
10980
10981
10983
10984
10988
10991
10992
10993
10996
10998
10999
11001
11002
11004
11008
11010
11011
11016
11017
11019
11020
11022
11023
11026
11027
11030
11031
11032
11033
11035
11036
11037
11039
11041
11043
11049
11051
11052
11053
11054
11056
11057
11058
11059
11060
11061
11062
11063
11064
11066
11068
11071
11073
11075
11076
11077
11078
11079
11081
11085
11088
11090
11091
11092
11093
11094
11095
11097
11099
11100
11104
11105
11107
11108
11109
11110
11111
11115
11118
11119
11123
11124
11126
11127
11129
11131
11132
11135
11136
11137
11138
11139
11140
11152
11153
11155
11156
11157
11158
11161
11162
11163
11164
11166
11167
11170
11171
11175
11181
11182
11183
11185
11188
11189
11190
11192
11193
11194
11196
11197
11198
11200
11201
11202
11205
11206
11208
11210
11212
11213
11214
11215
11216
11218
11221
11223
11224
11225
11226
11227
11228
11229
11232
11233
11234
11235
11237
11239
11240
11241
11244
11246
11249
11250
11254
11255
11256
11258
11260
11262
11263
11265
11267
11270
11271
11274
11276
11278
11279
11281
11284
11286
11287
11289
11291
11292
11293
11294
11295
11296
11297
11299
11301
11303
11308
11309
11315
11316
11323
11325
11326
11328
11329
11330
11335
11338
11339
11341
11342
11344
11347
11349
11350
11351
11352
11353
11356
11357
11362
11363
11365
11366
11367
11369
11370
11371
11373
11377
11378
11379
11380
11382
11383
11387
11390
11393
11394
11395
11397
11398
11399
11402
11404
11406
11407
11410
11417
11418
11422
11423
11425
11427
11428
11429
11430
11431
11432
11433
11434
11435
11436
11438
11439
11440
11442
11443
11444
11445
11446
11448
11449
11450
11456
11460
11463
11465
11466
11467
11468
11470
11471
11472
11473
11477
11478
11483
11485
11489
11490
11493
11494
11495
11496
11497
11498
11499
11500
11501
11502
11503
11506
11508
11509
11510
11512
11515
11517
11519
11520
11522
11523
11536
11537
11538
11540
11541
11542
11545
11546
11547
11549
11552
11554
11555
11557
11559
11560
11561
11562
11563
11565
11566
11567
11568
11574
11575
11576
11579
11581
11583
11584
11587
11588
11589
11590
11591
11592
11593
11594
11595
11597
11598
11601
11602
11603
11604
11605
11606
11607
11608
11613
11615
11620
11621
11622
11623
11624
11625
11626
11630
11632
11633
11634
11636
11638
11641
11644
11646
11648
11651
11657
11658
11660
11662
11664
11665
11666
11668
11670
11672
11674
11675
11678
11679
11682
11684
11685
11688
11692
11695
11699
11705
11706
11707
11710
11711
11716
11717
11718
11719
11720
11721
11722
11724
11728
11729
11730
11732
11733
11734
11735
11736
11738
11739
11766
11770
11771
11775
11776
11777
11778
11779
11780
11781
11786
11788
11789
11791
11793
11794
11795
11799
11805
11809
11810
11811
11813
11816
11817
11821
11825
11829
11830
11831
11832
11833
11835
11838
11839
11840
11841
11844
11845
11847
11854
11855
11856
11857
11858
11860
11863
11864
11865
11867
11869
11873
11874
11878
11888
11891
11892
11893
11894
11895
11897
11898
11899
11902
11904
11907
11908
11910
11911
11912
11913
11917
11919
11920
11921
11922
11923
11925
11927
11928
11929
11930
11933
11934
11935
11937
11938
11941
11944
11947
11948
11950
11951
11953
11956
11958
11963
11964
11966
11967
11968
11970
11973
11974
11981
11982
11983
11984
11986
11991
11992
11994
11995
11997
11998
12000
12001
12004
12005
12006
12008
12009
12010
12011
12013
12015
12019
12021
12025
12027
12028
12029
12030
12031
12032
12033
12035
12038
12040
12041
12043
12044
12048
12050
12051
12052
12053
12057
12058
12059
12060
12061
12062
12066
12067
12068
12071
12073
12074
12079
12082
12084
12085
12086
12089
12090
12094
12096
12097
12100
12101
12102
12103
12104
12108
12109
12110
12111
12113
12114
12115
12116
12117
12118
12120
12121
12122
12123
12124
12125
12127
12130
12135
12136
12139
12142
12144
12145
12146
12149
12150
12151
12152
12153
12155
12157
12158
12160
12161
12163
12164
12165
12166
12167
12171
12174
12175
12176
12179
12180
12181
12183
12184
12186
12187
12189
12191
12192
12193
12194
12197
12199
12200
12201
12202
12203
12204
12205
12207
12209
12210
12211
12212
12215
12216
12217
12219
12222
12223
12225
12226
12227
12228
12229
12230
12231
12232
12239
12240
12241
12244
12245
12247
12249
12254
12257
12261
12262
12263
12264
12265
12267
12271
12274
12275
12277
12279
12282
12283
12284
12285
12286
12287
12288
12289
12290
12291
12292
12293
12294
12295
12296
12297
12300
12301
12302
12304
12305
12307
12310
12311
12313
12315
12317
12318
12319
12321
12329
12330
12331
12333
12334
12335
12336
12337
12338
12340
12341
12342
12343
12346
12348
12349
12350
12351
12352
12353
12354
12355
12356
12357
12360
12361
12364
12366
12368
12369
12370
12372
12373
12381
12383
12384
12385
12386
12390
12391
12392
12394
12395
12396
12398
12399
12400
12402
12404
12405
12431
12432
12434
12441
12443
12444
12448
12449
12451
12452
12454
12455
12456
12457
12459
12462
12464
12466
12467
12470
12472
12473
12474
12475
12478
12480
12481
12483
12486
12487
12488
12489
12491
12494
12496
12497
12498
12500
12502
12503
12506
12508
12509
12511
12513
12516
12517
12519
12520
12521
12522
12523
12524
12526
12527
12529
12530
12532
12533
12534
12537
12539
12540
12542
12543
12546
12550
12551
12552
12554
12555
12556
12557
12561
12562
12564
12565
12566
12567
12568
12570
12572
12573
12574
12576
12577
12578
12581
12583
12585
12586
12587
12589
12590
12594
12595
12597
12599
12601
12602
12604
12606
12609
12610
12611
12612
12614
12615
12616
12617
12618
12620
12621
12622
12623
12625
12626
12627
12628
12631
12632
12633
12637
12641
12643
12646
12647
12648
12649
12650
12651
12653
12654
12660
12661
12663
12665
12668
12669
12671
12674
12675
12676
12678
12679
12681
12682
12683
12685
12686
12688
12689
12690
12691
12692
12698
12700
12701
12703
12704
12705
12706
12707
12709
12710
12711
12715
12716
12717
12718
12720
12721
12723
12726
12728
12729
12734
12735
12736
12738
12739
12740
12743
12744
12745
12747
12748
12749
12750
12751
12752
12753
12755
12759
12760
12761
12762
12765
12766
12767
12768
12769
12771
12772
12773
12774
12777
12778
12779
12780
12781
12782
12787
12788
12790
12791
12793
12794
12795
12797
12799
12801
12802
12803
12804
12808
12809
12812
12813
12815
12816
12817
12818
12819
12820
12822
12823
12824
12826
12828
12831
12832
12833
12834
12835
12836
12837
12839
12841
12844
12845
12847
12848
12849
12850
12852
12853
12854
12855
12860
12868
12869
12870
12873
12874
12875
12876
12878
12880
12882
12883
12884
12885
12888
12890
12891
12892
12893
12894
12895
12896
12897
12901
12904
12906
12907
12908
12909
12910
12911
12912
12913
12914
12916
12918
12920
12921
12922
12923
12925
12926
12927
12928
12930
12933
12934
12936
12937
12938
12939
12940
12941
12942
12943
12944
12946
12949
12953
12956
12958
12959
12962
12964
12965
12967
12969
12971
12972
12973
12975
12977
12979
12982
12983
12984
12985
12993
12994
12995
12996
12997
12999
13001
13002
13009
13011
13012
13014
13015
13018
13019
13020
13023
13024
13026
13028
13030
13032
13033
13034
13035
13036
13037
13038
13042
13043
13044
13046
13047
13052
13053
13054
13057
13058
13059
13060
13062
13065
13067
13068
13069
13072
13073
13075
13077
13079
13080
13081
13084
13086
13087
13088
13089
13094
13096
13097
13098
13099
13100
13102
13105
13106
13107
13109
13112
13113
13115
13120
13122
13123
13124
13127
13129
13130
13131
13132
13133
13134
13137
13138
13139
13140
13141
13142
13143
13144
13145
13147
13151
13152
13153
13154
13156
13157
13159
13160
13161
13165
13166
13168
13170
13172
13173
13176
13177
13178
13179
13181
13182
13183
13185
13186
13187
13202
13203
13204
13206
13207
13208
13212
13214
13215
13218
13219
13221
13222
13223
13224
13227
13229
13230
13231
13233
13235
13236
13239
13240
13242
13243
13244
13246
13247
13249
13250
13252
13253
13254
13255
13256
13257
13259
13260
13263
13267
13268
13270
13271
13272
13273
13275
13276
13277
13278
13279
13283
13284
13285
13286
13287
13288
13290
13291
13293
13294
13295
13297
13298
13299
13300
13302
13304
13305
13307
13308
13309
13313
13314
13315
13318
13319
13322
13326
13327
13330
13332
13334
13335
13336
13337
13340
13341
13344
13345
13346
13347
13348
13349
13351
13352
13354
13357
13359
13360
13362
13367
13368
13371
13372
13373
13374
13376
13378
13379
13380
13381
13383
13384
13385
13386
13387
13389
13390
13391
13393
13396
13397
13398
13399
13402
13406
13409
13410
13412
13413
13415
13416
13419
13422
13424
13426
13430
13431
13433
13434
13435
13436
13437
13438
13440
13441
13444
13445
13446
13448
13449
13451
13453
13455
13459
13460
13461
13462
13463
13466
13468
13471
13472
13474
13488
13490
13491
13493
13494
13495
13499
13500
13501
13502
13503
13504
13505
13507
13510
13511
13515
13516
13517
13518
13522
13523
13526
13527
13528
13530
13532
13536
13537
13538
13540
13545
13546
13548
13549
13550
13552
13553
13554
13555
13557
13558
13560
13561
13562
13565
13567
13568
13571
13573
13574
13576
13577
13579
13582
13583
13584
13585
13586
13587
13588
13589
13592
13593
13594
13596
13627
13628
13630
13631
13634
13635
13636
13637
13638
13641
13643
13644
13646
13648
13649
13650
13651
13652
13656
13657
13658
13659
13661
13662
13663
13665
13669
13672
13673
13676
13677
13678
13679
13681
13684
13685
13687
13689
13690
13695
13697
13698
13699
13700
13701
13705
13707
13709
13710
13711
13712
13713
13714
13715
13716
13717
13718
13719
13720
13721
13722
13723
13724
13728
13729
13730
13732
13733
13735
13736
13739
13740
13741
13748
13749
13750
13752
13753
13754
13755
13756
13758
13759
13763
13764
13765
13766
13767
13768
13769
13771
13772
13774
13776
13777
13778
13779
13780
13781
13782
13783
13785
13786
13788
13790
13793
13797
13799
13801
13802
13803
13804
13806
13807
13808
13810
13811
13813
13867
13871
13873
13874
13878
13880
13881
13882
13883
13885
13888
13889
13890
13891
13893
13894
13895
13897
13898
13899
13903
13904
13912
13913
13914
13916
13917
13918
13920
13921
13922
13923
13928
13929
13932
13933
13934
13935
13938
13939
13950
13957
13958
13959
13961
13963
13965
13966
13968
13969
13970
13972
13974
13978
13981
13983
13984
13987
13988
13990
13991
13993
13994
13995
13996
13998
14000
14001
14002
14003
14004
14006
14008
14009
14011
14012
14013
14015
14016
14018
14019
14020
14022
14026
14028
14029
14030
14032
14034
14039
14040
14042
14044
14045
14050
14051
14053
14056
14057
14060
14063
14065
14066
14068
14069
14070
14072
14073
14074
14077
14079
14080
14081
14082
14084
14085
14086
14088
14090
14091
14094
14095
14100
14101
14102
14103
14104
14107
14116
14117
14121
14122
14124
14148
14149
14150
14151
14152
14156
14158
14159
14160
14162
14165
14166
14171
14172
14174
14176
14177
14178
14179
14180
14182
14183
14184
14185
14186
14187
14188
14189
14190
14191
14192
14194
14195
14197
14199
14200
14201
14202
14203
14204
14205
14206
14209
14210
14211
14215
14217
14218
14222
14223
14227
14229
14230
14232
14233
14234
14235
14236
14239
14240
14241
14244
14246
14247
14249
14250
14251
14252
14253
14254
14255
14256
14257
14258
14259
14260
14261
14263
14264
14265
14266
14268
14270
14272
14274
14278
14281
14286
14287
14288
14290
14291
14294
14295
14298
14301
14302
14304
14308
14315
14327
14329
14334
14336
14338
14339
14341
14343
14345
14347
14348
14349
14350
14351
14352
14353
14354
14355
14357
14358
14360
14361
14362
14364
14365
14366
14367
14369
14371
14375
14378
14383
14384
14385
14386
14391
14392
14400
14405
14422
14424
14426
14427
14429
14430
14431
14433
14434
14448
14450
14451
14452
14453
14516
14517
14519
14520
14526
14527
14529
14530
14532
14539
14550
14553
14554
14556
14584
14585
14586
14594
14595
14630
14631
14634
14658
14660
14662
14664
14667
14668
14693
14694
14695
14697
14698
14700
14701
14702
14703
14704
14706
14707
14708
14709
14711
14713
14714
14717
14719
14720
14721
14722
14723
14724
14725
14726
14728
14731
14734
14735
14738
14740
14741
14742
14743
14748
14751
14753
14754
14755
14757
14759
14760
14762
14765
14766
14770
14771
14772
14775
14776
14778
14779
14780
14781
14782
14783
14784
14785
14787
14788
14789
14790
14792
14794
14795
14798
14799
14801
14804
14808
14809
14814
14815
14817
14818
14819
14821
14823
14825
14826
14827
14828
14830
14831
14833
14834
14835
14836
14837
14838
14839
14840
14841
14842
14844
14845
14847
14848
14850
14851
14854
14856
14858
14859
14860
14861
14862
14864
14866
14868
14869
14870
14871
14872
14874
14875
14880
14883
14885
14886
14887
14888
14889
14890
14891
14893
14895
14896
14899
14902
14903
14904
14905
14906
14907
14912
14913
14914
14916
14917
14918
14921
14923
14925
14927
14928
14930
14931
14933
14936
14937
14938
14940
14941
14942
14943
14946
14947
14948
14949
14950
14953
14954
14955
14956
14957
14958
14959
14961
14962
14963
14965
14966
14967
14994
14995
14999
15000
15001
15003
15004
15008
15009
15010
15011
15012
15013
15014
15016
15017
15020
15021
15023
15028
15029
15035
15037
15038
15039
15040
15041
15042
15043
15045
15046
15047
15049
15050
15051
15052
15053
15055
15058
15064
15065
15066
15075
15082
15084
15085
15090
15091
15092
15093
15094
15098
15099
15101
15102
15104
15105
15106
15109
15111
15112
15114
15116
15117
15120
15122
15123
15125
15126
15128
15129
15132
15134
15136
15137
15140
15141
15143
15146
15147
15148
15149
15151
15153
15154
15156
15158
15159
15160
15161
15162
15164
15165
15166
15169
15170
15171
15173
15177
15178
15179
15183
15186
15190
15191
15193
15196
15200
15201
15203
15204
15205
15206
15207
15208
15209
15211
15212
15213
15215
15222
15224
15225
15227
15228
15259
15261
15262
15263
15264
15266
15267
15268
15272
15273
15274
15276
15277
15278
15283
15285
15287
15288
15289
15291
15295
15296
15297
15301
15303
15329
15331
15332
15336
15339
15342
15343
15344
15345
15347
15350
15351
15352
15353
15354
15357
15358
15359
15361
15363
15365
15366
15368
15370
15371
15373
15374
15376
15377
15378
15379
15380
15381
15382
15385
15387
15389
15391
15392
15393
15396
15399
15400
15403
15415
15416
15421
15423
15424
15425
15427
15429
15430
15432
15433
15436
15437
15438
15439
15440
15441
15442
15443
15445
15447
15448
15452
15453
15454
15456
15459
15460
15462
15463
15466
15467
15468
15469
15470
15471
15473
15474
15477
15479
15480
15483
15484
15485
15487
15488
15489
15490
15491
15492
15494
15497
15502
15503
15505
15508
15531
15533
15535
15536
15539
15544
15546
15547
15549
15550
15551
15552
15553
15557
15558
15560
15562
15563
15566
15567
15568
15569
15570
15572
15575
15576
15577
15578
15579
15587
15588
15589
15590
15591
15592
15595
15598
15599
15606
15613
15615
15616
15617
15622
15623
15625
15627
15629
15631
15636
15637
15638
15643
15644
15645
15646
15648
15649
15650
15651
15652
15653
15654
15655
15656
15657
15658
15659
15660
15661
15662
15663
15665
15666
15668
15670
15671
15672
15673
15674
15678
15683
15685
15686
15696
15697
15701
15702
15706
15708
15709
15710
15712
15713
15717
15719
15721
15726
15727
15728
15729
15730
15731
15734
15735
15737
15739
15740
15741
15742
15743
15744
15745
15748
15749
15750
15751
15752
15753
15758
15759
15760
15761
15763
15765
15767
15768
15769
15772
15773
15774
15776
15777
15784
15785
15786
15787
15796
15800
15802
15803
15804
15805
15811
15813
15814
15816
15818
15819
15822
15824
15825
15826
15827
15828
15829
15830
15832
15834
15835
15837
15838
15839
15840
15842
15843
15844
15845
15846
15847
15850
15852
15853
15854
15855
15858
15859
15860
15861
15866
15867
15868
15869
15870
15874
15875
15876
15877
15878
15882
15887
15893
15996
15998
15999
16001
16002
16004
16006
16007
16008
16009
16024
16025
16026
16028
16029
16032
16035
16036
16039
16042
16043
16045
16046
16047
16053
16054
16056
16057
16059
16060
16061
16062
16063
16069
16072
16077
16078
16081
16082
16083
16085
16086
16087
16089
16090
16091
16093
16221
16223
16224
16226
16227
16228
16229
16230
16297
16298
16299
16300
16302
16304
16305
16306
16309
16310
16311
16312
16315
16322
16324
16325
16331
16332
16496
16502
16503
20413
20414
20415
20416
20417
20422
20423
20424
20426
20427
20430
20432
20433
20434
20438
