10780
10783
10786
10792
10799
10832
10833
10841
10845
10851
10852
10853
10858
10862
10863
10874
10876
10880
10881
10886
10893
10895
10899
10901
10905
10920
10922
10929
10938
10939
10944
10946
10948
10952
10953
10956
10958
10959
10961
10965
10972
10975
10976
10986
10987
10989
10990
10995
11003
11006
11009
11012
11014
11021
11025
11029
11034
11040
11042
11047
11055
11067
11080
11083
11098
11106
11114
11120
11128
11130
11134
11141
11146
11147
11149
11154
11159
11165
11168
11169
11172
11173
11174
11176
11178
11179
11187
11217
11219
11220
11243
11247
11248
11252
11253
11261
11264
11268
11277
11280
11285
11300
11302
11305
11311
11314
11327
11331
11333
11334
11354
11368
11374
11381
11385
11389
11405
11409
11416
11447
11454
11455
11457
11464
11469
11474
11475
11479
11480
11484
11486
11487
11507
11516
11518
11539
11543
11544
11551
11558
11564
11572
11573
11586
11596
11599
11600
11611
11612
11617
11619
11629
11635
11637
11640
11642
11643
11647
11649
11656
11659
11663
11667
11671
11673
11676
11677
11681
11693
11694
11697
11698
11700
11708
11715
11731
11740
11767
11772
11773
11782
11783
11787
11800
11801
11803
11807
11808
11814
11815
11819
11820
11822
11824
11827
11828
11834
11837
11843
11846
11848
11849
11850
11851
11853
11861
11862
11866
11872
11877
11879
11889
11900
11901
11906
11909
11926
11931
11940
11942
11945
11949
11952
11954
11957
11960
11962
11969
11972
11975
11976
11977
11980
11988
12002
12014
12018
12020
12022
12026
12037
12039
12042
12046
12049
12055
12063
12064
12072
12080
12083
12088
12092
12098
12106
12112
12128
12132
12138
12141
12147
12154
12173
12190
12196
12206
12208
12213
12218
12220
12233
12235
12242
12243
12246
12248
12251
12255
12256
12258
12270
12273
12281
12299
12303
12308
12309
12312
12314
12316
12322
12325
12326
12328
12332
12344
12345
12347
12358
12359
12362
12363
12367
12387
12393
12397
12403
12435
12442
12447
12450
12453
12458
12463
12465
12471
12477
12490
12492
12499
12504
12505
12510
12515
12528
12531
12535
12536
12541
12547
12563
12569
12588
12591
12593
12603
12605
12607
12613
12624
12629
12630
12635
12640
12642
12644
12655
12656
12657
12659
12670
12672
12677
12680
12684
12696
12697
12699
12712
12713
12714
12719
12724
12725
12730
12731
12737
12754
12763
12764
12770
12775
12776
12783
12785
12786
12789
12792
12798
12805
12807
12825
12829
12838
12840
12846
12851
12856
12858
12867
12871
12872
12877
12881
12886
12889
12900
12902
12903
12905
12919
12929
12935
12945
12947
12951
12955
12957
12966
12970
12976
12978
12980
13022
13025
13039
13051
13055
13056
13061
13063
13064
13070
13071
13074
13078
13090
13091
13092
13093
13095
13101
13110
13117
13119
13126
13146
13162
13169
13184
13201
13209
13216
13217
13225
13232
13237
13238
13245
13248
13269
13274
13280
13282
13296
13301
13303
13310
13312
13320
13324
13325
13339
13343
13355
13369
13370
13375
13377
13382
13394
13400
13403
13404
13407
13408
13414
13417
13420
13428
13454
13457
13458
13467
13470
13496
13498
13508
13509
13512
13521
13524
13531
13533
13534
13535
13539
13547
13551
13556
13559
13625
13632
13633
13642
13647
13653
13660
13664
13671
13675
13680
13686
13692
13693
13694
13696
13704
13725
13726
13731
13734
13738
13742
13744
13745
13746
13747
13751
13757
13761
13787
13789
13791
13792
13794
13796
13798
13805
13809
13814
13870
13875
13877
13884
13886
13892
13896
13901
13911
13919
13924
13927
13930
13937
13962
13967
13971
13973
13977
13979
13980
13985
13986
13989
13997
14005
14007
14017
14021
14023
14038
14052
14054
14055
14075
14087
14096
14099
14108
14118
14119
14120
14123
14145
14146
14147
14153
14155
14157
14161
14175
14181
14198
14212
14214
14216
14219
14220
14221
14224
14226
14231
14243
14262
14275
14277
14280
14282
14283
14284
14289
14293
14296
14299
14300
14303
14312
14321
14323
14324
14328
14330
14331
14332
14333
14335
14340
14346
14356
14359
14363
14368
14372
14374
14377
14379
14380
14381
14382
14406
14449
14521
14523
14528
14531
14542
14543
14544
14545
14551
14555
14593
14663
14665
14666
14669
14692
14699
14710
14715
14718
14727
14729
14730
14732
14733
14736
14739
14745
14746
14752
14756
14764
14767
14774
14791
14793
14796
14797
14803
14805
14806
14807
14810
14812
14820
14832
14843
14855
14857
14865
14867
14878
14884
14892
14894
14897
14901
14908
14909
14910
14920
14924
14929
14934
14944
14951
14952
14964
14968
14969
14998
15002
15006
15007
15015
15018
15024
15025
15026
15027
15030
15033
15036
15048
15057
15059
15077
15096
15110
15113
15115
15124
15127
15131
15138
15139
15144
15145
15150
15163
15167
15168
15175
15188
15216
15217
15219
15220
15249
15260
15265
15269
15280
15281
15282
15286
15290
15292
15299
15300
15330
15333
15335
15337
15341
15348
15349
15362
15372
15375
15384
15390
15397
15402
15412
15420
15422
15428
15431
15435
15444
15446
15451
15455
15457
15458
15472
15476
15478
15482
15493
15496
15506
15507
15530
15532
15537
15538
15541
15545
15548
15559
15561
15564
15571
15594
15596
15597
15600
15608
15611
15618
15630
15640
15641
15642
15664
15677
15681
15698
15700
15705
15707
15711
15714
15715
15718
15722
15732
15733
15736
15754
15756
15764
15766
15770
15771
15780
15781
15782
15801
15807
15809
15810
15812
15823
15849
15851
15856
15864
15872
15873
15886
15891
15892
15894
15997
16000
16003
16011
16012
16019
16021
16023
16031
16033
16034
16037
16038
16040
16048
16055
16058
16065
16068
16071
16074
16075
16092
16094
16095
16222
16225
16296
16303
16307
16308
16320
16321
16330
16498
16501
20419
20420
20425
20429
20431
20435
